1674550936095 0.1513671875 0
1674550962849 0.21503905951976776 1
1674550989361 0.25410157442092896 2
1674551016205 0.3021484315395355 3
1674551043091 0.30156248807907104 4
1674551069469 0.3232421875 5
1674551096342 0.2841796875 6
1674551123032 0.3197265565395355 7
1674551149555 0.34550780057907104 8
1674551176639 0.3638671934604645 9
1674551203398 0.3373046815395355 10
1674551231450 0.34765625 11
1674551258386 0.3447265625 12
1674551285991 0.3687500059604645 13
1674551313692 0.3541015684604645 14
1674551341646 0.3783203065395355 15
1674551369963 0.3480468690395355 16
1674551397638 0.3714843690395355 17
1674551425574 0.3740234375 18
1674551453205 0.3687500059604645 19
1674551481433 0.32890623807907104 20
1674551509775 0.3626953065395355 21
1674551537886 0.39042967557907104 22
1674551565816 0.3568359315395355 23
1674551593219 0.380859375 24
1674551621582 0.38300782442092896 25
1674551649467 0.39375001192092896 26
1674551677176 0.3890624940395355 27
1674551704891 0.3871093690395355 28
1674551733029 0.359375 29
1674551760827 0.38261717557907104 30
1674551789098 0.3824218809604645 31
1674551817575 0.37812501192092896 32
1674551844954 0.3775390684604645 33
1674551873172 0.3929687440395355 34
1674551901119 0.3951171934604645 35
1674551929290 0.4095703065395355 36
1674551957345 0.39453125 37
1674551985024 0.3921875059604645 38
1674552012884 0.41972655057907104 39
1674552040308 0.39765626192092896 40
1674552068367 0.4039062559604645 41
1674552095857 0.4097656309604645 42
1674552123895 0.4164062440395355 43
1674552151884 0.3921875059604645 44
1674552179709 0.3929687440395355 45
1674552208281 0.39960938692092896 46
1674552236036 0.3998046815395355 47
1674552264749 0.42890626192092896 48
1674552292592 0.41093748807907104 49
1674552320767 0.40312498807907104 50
1674552348463 0.4124999940395355 51
1674552376399 0.4091796875 52
1674552404427 0.42363280057907104 53
1674552432504 0.41523438692092896 54
1674552460761 0.42207032442092896 55
1674552488846 0.42011719942092896 56
1674552517106 0.4417968690395355 57
1674552545315 0.41484373807907104 58
1674552573432 0.40937501192092896 59
1674552601174 0.4052734375 60
1674552629434 0.4185546934604645 61
1674552657915 0.41386717557907104 62
1674552685771 0.3958984315395355 63
1674552713868 0.41679686307907104 64
1674552742056 0.408203125 65
1674552769737 0.43242186307907104 66
1674552797588 0.41289061307907104 67
1674552824899 0.42011719942092896 68
1674552852888 0.44453126192092896 69
1674552880535 0.4585937559604645 70
1674552908603 0.44804686307907104 71
1674552936369 0.416015625 72
1674552964450 0.4410156309604645 73
1674552992374 0.43046873807907104 74
1674553020396 0.44609373807907104 75
1674553048334 0.4263671934604645 76
1674553076396 0.45136719942092896 77
1674553104787 0.4525390565395355 78
1674553133000 0.44453126192092896 79
1674553160823 0.4486328065395355 80
1674553188623 0.4271484315395355 81
1674553216551 0.4404296875 82
1674553244380 0.4332031309604645 83
1674553271811 0.44843751192092896 84
1674553299669 0.4332031309604645 85
1674553327555 0.4130859375 86
1674553355262 0.44160157442092896 87
1674553383249 0.4619140625 88
1674553410766 0.4384765625 89
1674553438573 0.44453126192092896 90
1674553466630 0.45332032442092896 91
1674553494266 0.4482421875 92
1674553522600 0.45722657442092896 93
1674553550428 0.46953123807907104 94
1674553579016 0.46113282442092896 95
1674553606702 0.45625001192092896 96
1674553634903 0.4400390684604645 97
1674553662767 0.46210938692092896 98
1674553690211 0.47871094942092896 99
