1674550936095 2.0957143306732178 0
1674550962849 1.9649181365966797 1
1674550989361 1.906115174293518 2
1674551016205 1.8704299926757812 3
1674551043091 1.88375985622406 4
1674551069469 1.8243995904922485 5
1674551096342 1.8646835088729858 6
1674551123032 1.7884002923965454 7
1674551149555 1.744704008102417 8
1674551176639 1.7205381393432617 9
1674551203398 1.7305138111114502 10
1674551231450 1.7330989837646484 11
1674551258386 1.6896154880523682 12
1674551285991 1.6465641260147095 13
1674551313692 1.6585283279418945 14
1674551341646 1.6118919849395752 15
1674551369963 1.6374353170394897 16
1674551397638 1.6003834009170532 17
1674551425574 1.579311490058899 18
1674551453205 1.5730388164520264 19
1674551481433 1.6652719974517822 20
1674551509775 1.60940682888031 21
1674551537886 1.550565481185913 22
1674551565816 1.6118990182876587 23
1674551593219 1.568686604499817 24
1674551621582 1.5326306819915771 25
1674551649467 1.5007727146148682 26
1674551677176 1.500468373298645 27
1674551704891 1.5170855522155762 28
1674551733029 1.5533441305160522 29
1674551760827 1.5114805698394775 30
1674551789098 1.5288450717926025 31
1674551817575 1.5172423124313354 32
1674551844954 1.527117371559143 33
1674551873172 1.4795300960540771 34
1674551901119 1.4466454982757568 35
1674551929290 1.4500796794891357 36
1674551957345 1.4951629638671875 37
1674551985024 1.459911584854126 38
1674552012884 1.4190680980682373 39
1674552040308 1.457257866859436 40
1674552068367 1.4117648601531982 41
1674552095857 1.4404215812683105 42
1674552123895 1.432562232017517 43
1674552151884 1.459003210067749 44
1674552179709 1.4773892164230347 45
1674552208281 1.4364855289459229 46
1674552236036 1.4282481670379639 47
1674552264749 1.3857755661010742 48
1674552292592 1.4086499214172363 49
1674552320767 1.430053949356079 50
1674552348463 1.40955650806427 51
1674552376399 1.397687315940857 52
1674552404427 1.360211730003357 53
1674552432504 1.4039791822433472 54
1674552460761 1.361870527267456 55
1674552488846 1.3779540061950684 56
1674552517106 1.348387598991394 57
1674552545315 1.3905014991760254 58
1674552573432 1.3995296955108643 59
1674552601174 1.4224255084991455 60
1674552629434 1.364226222038269 61
1674552657915 1.3977349996566772 62
1674552685771 1.413140058517456 63
1674552713868 1.3750755786895752 64
1674552742056 1.4078223705291748 65
1674552769737 1.3231433629989624 66
1674552797588 1.4131801128387451 67
1674552824899 1.4023488759994507 68
1674552852888 1.3170353174209595 69
1674552880535 1.311522364616394 70
1674552908603 1.308954119682312 71
1674552936369 1.3788139820098877 72
1674552964450 1.3120551109313965 73
1674552992374 1.3130967617034912 74
1674553020396 1.29115891456604 75
1674553048334 1.341202974319458 76
1674553076396 1.3208091259002686 77
1674553104787 1.3065522909164429 78
1674553133000 1.2956072092056274 79
1674553160823 1.318350076675415 80
1674553188623 1.3791571855545044 81
1674553216551 1.3296926021575928 82
1674553244380 1.323124885559082 83
1674553271811 1.3012386560440063 84
1674553299669 1.3331555128097534 85
1674553327555 1.375625491142273 86
1674553355262 1.3159432411193848 87
1674553383249 1.2541086673736572 88
1674553410766 1.3208950757980347 89
1674553438573 1.309613585472107 90
1674553466630 1.2782119512557983 91
1674553494266 1.3191266059875488 92
1674553522600 1.2992184162139893 93
1674553550428 1.2801952362060547 94
1674553579016 1.2553174495697021 95
1674553606702 1.3114618062973022 96
1674553634903 1.3534117937088013 97
1674553662767 1.2764796018600464 98
1674553690211 1.2430776357650757 99
