1674657407252 0.025888781994581223 0
1674657636916 0.11095724999904633 1
1674657866543 0.1922357827425003 2
1674658095849 0.2545975148677826 3
1674658325124 0.30235472321510315 4
1674658554212 0.3359813988208771 5
1674658783150 0.36539676785469055 6
1674659012551 0.39195486903190613 7
1674659241601 0.41386058926582336 8
1674659470947 0.4347480833530426 9
1674659699902 0.4529187083244324 10
1674659928760 0.4674837589263916 11
1674660157815 0.4833611249923706 12
1674660386940 0.4971493184566498 13
1674660616178 0.5088351368904114 14
1674660845210 0.5211859345436096 15
1674661074085 0.5348095297813416 16
1674661303395 0.5434274077415466 17
1674661532230 0.5563092231750488 18
1674661761277 0.5619382262229919 19
1674661990175 0.5736240148544312 20
1674662219117 0.5816625952720642 21
1674662447935 0.5880903005599976 22
1674662676861 0.5983496904373169 23
1674662905406 0.6058462262153625 24
1674663134559 0.6115826964378357 25
1674663363307 0.6194851398468018 26
1674663592278 0.6242209672927856 27
1674663821386 0.6274271607398987 28
1674664050303 0.6342433094978333 29
1674664279194 0.6422423720359802 30
1674664508045 0.6461288332939148 31
1674664736760 0.6518916487693787 32
1674664965872 0.652108907699585 33
1674665194456 0.6581745743751526 34
1674665423111 0.6651553511619568 35
1674665652043 0.6689804196357727 36
1674665880642 0.6732378005981445 37
1674666109526 0.6735581755638123 38
1674666338396 0.6773635149002075 39
1674666567269 0.6831943392753601 40
1674666796142 0.6891086101531982 41
1674667024962 0.690194845199585 42
1674667253798 0.6936797499656677 43
1674667482861 0.6949657797813416 44
1674667711244 0.6959335207939148 45
1674667939606 0.6996774077415466 46
1674668167981 0.7046018838882446 47
1674668396362 0.7047204375267029 48
1674668625274 0.7111591696739197 49
1674668853981 0.7112095952033997 50
1674669082922 0.7141700387001038 51
1674669311564 0.717521071434021 52
1674669540471 0.7209028005599976 53
1674669768856 0.7243284583091736 54
1674669997708 0.7253708839416504 55
1674670226534 0.7281732559204102 56
1674670455260 0.7291191220283508 57
1674670684158 0.7331833839416504 58
1674670913013 0.7327642440795898 59
1674671141848 0.7339624166488647 60
1674671370359 0.7362842559814453 61
1674671598682 0.7433944940567017 62
1674671826997 0.7402234077453613 63
1674672055397 0.7398174405097961 64
1674672283515 0.7501975297927856 65
1674672512395 0.7473204731941223 66
1674672740652 0.7485669851303101 67
1674672968741 0.7483409643173218 68
1674673197111 0.7486327886581421 69
1674673425595 0.7518807053565979 70
1674673654172 0.7548103928565979 71
1674673883052 0.7557847499847412 72
1674674111745 0.7574745416641235 73
1674674340627 0.7588197588920593 74
1674674568878 0.7605183720588684 75
1674674797249 0.7637794017791748 76
1674675025570 0.7665818333625793 77
1674675254391 0.7640734910964966 78
1674675482863 0.7650259137153625 79
1674675711757 0.7641459107398987 80
1674675939975 0.7707404494285583 81
1674676168479 0.7696782946586609 82
1674676396294 0.7711046934127808 83
1674676624490 0.774179220199585 84
1674676852170 0.7734748125076294 85
1674677080748 0.7734330892562866 86
1674677308779 0.7760401964187622 87
1674677537369 0.778572678565979 88
1674677765887 0.7782896161079407 89
1674677994320 0.7802537083625793 90
1674678222676 0.7797401547431946 91
1674678450711 0.7833216190338135 92
1674678678913 0.7792463898658752 93
1674678906865 0.7835937738418579 94
1674679135017 0.7845461964607239 95
1674679363000 0.7871071696281433 96
1674679591102 0.7868065237998962 97
1674679818948 0.786832869052887 98
1674680046831 0.7902299761772156 99
