1674657407252 6.21992826461792 0
1674657636916 5.0124735832214355 1
1674657866543 4.275628089904785 2
1674658095849 3.8006784915924072 3
1674658325124 3.4672634601593018 4
1674658554212 3.2183382511138916 5
1674658783150 3.004615545272827 6
1674659012551 2.8349220752716064 7
1674659241601 2.685788869857788 8
1674659470947 2.5557210445404053 9
1674659699902 2.4436275959014893 10
1674659928760 2.3514537811279297 11
1674660157815 2.2561469078063965 12
1674660386940 2.1775689125061035 13
1674660616178 2.1027071475982666 14
1674660845210 2.032358407974243 15
1674661074085 1.960878610610962 16
1674661303395 1.9121054410934448 17
1674661532230 1.8479769229888916 18
1674661761277 1.8151183128356934 19
1674661990175 1.7536284923553467 20
1674662219117 1.7097824811935425 21
1674662447935 1.6779747009277344 22
1674662676861 1.627023458480835 23
1674662905406 1.5877211093902588 24
1674663134559 1.5567185878753662 25
1674663363307 1.5198383331298828 26
1674663592278 1.4942125082015991 27
1674663821386 1.474980354309082 28
1674664050303 1.4393796920776367 29
1674664279194 1.4054268598556519 30
1674664508045 1.3849538564682007 31
1674664736760 1.3598195314407349 32
1674664965872 1.3519052267074585 33
1674665194456 1.3184784650802612 34
1674665423111 1.2919751405715942 35
1674665652043 1.2740991115570068 36
1674665880642 1.248837947845459 37
1674666109526 1.2458986043930054 38
1674666338396 1.226479411125183 39
1674666567269 1.2015480995178223 40
1674666796142 1.1788086891174316 41
1674667024962 1.1667224168777466 42
1674667253798 1.1506214141845703 43
1674667482861 1.145432472229004 44
1674667711244 1.1354957818984985 45
1674667939606 1.1175217628479004 46
1674668167981 1.095141053199768 47
1674668396362 1.093856930732727 48
1674668625274 1.0697128772735596 49
1674668853981 1.0641733407974243 50
1674669082922 1.0496532917022705 51
1674669311564 1.0379818677902222 52
1674669540471 1.0232179164886475 53
1674669768856 1.0077763795852661 54
1674669997708 1.0024586915969849 55
1674670226534 0.9902329444885254 56
1674670455260 0.984132707118988 57
1674670684158 0.9661491513252258 58
1674670913013 0.9647951126098633 59
1674671141848 0.9609304070472717 60
1674671370359 0.9493271708488464 61
1674671598682 0.9233126640319824 62
1674671826997 0.9299005270004272 63
1674672055397 0.932348370552063 64
1674672283515 0.893539309501648 65
1674672512395 0.9014310836791992 66
1674672740652 0.8948720693588257 67
1674672968741 0.8908410668373108 68
1674673197111 0.890487015247345 69
1674673425595 0.8793513178825378 70
1674673654172 0.8650897145271301 71
1674673883052 0.8637367486953735 72
1674674111745 0.854653000831604 73
1674674340627 0.8490508794784546 74
1674674568878 0.8393431901931763 75
1674674797249 0.829945981502533 76
1674675025570 0.8172772526741028 77
1674675254391 0.825025737285614 78
1674675482863 0.8180028200149536 79
1674675711757 0.8223474621772766 80
1674675939975 0.7962271571159363 81
1674676168479 0.8005853295326233 82
1674676396294 0.7954580783843994 83
1674676624490 0.7864027619361877 84
1674676852170 0.7844411730766296 85
1674677080748 0.7822932004928589 86
1674677308779 0.7757800817489624 87
1674677537369 0.7638958096504211 88
1674677765887 0.7663916349411011 89
1674677994320 0.7586661577224731 90
1674678222676 0.7581608891487122 91
1674678450711 0.7438123822212219 92
1674678678913 0.7550063729286194 93
1674678906865 0.7403745651245117 94
1674679135017 0.740609884262085 95
1674679363000 0.7294199466705322 96
1674679591102 0.729343593120575 97
1674679818948 0.7295264005661011 98
1674680046831 0.7148579955101013 99
