1674555280893 0.04368489608168602 0
1674555359900 0.08242187649011612 1
1674555439862 0.13886718451976776 2
1674555520827 0.21113280951976776 3
1674555602653 0.3033854067325592 4
1674555685711 0.3893880248069763 5
1674555769365 0.4283203184604645 6
1674555851642 0.4499348998069763 7
1674555933345 0.4948567748069763 8
1674556016353 0.5111979246139526 9
1674556101182 0.5204427242279053 10
1674556184756 0.5782552361488342 11
1674556266727 0.5923177003860474 12
1674556350143 0.6173177361488342 13
1674556434926 0.5979817509651184 14
1674556518379 0.6526041626930237 15
1674556601229 0.660351574420929 16
1674556685120 0.6592447757720947 17
1674556769058 0.7103515863418579 18
1674556852227 0.7194010615348816 19
1674556935166 0.7270182371139526 20
1674557018549 0.701171875 21
1674557100718 0.7016276121139526 22
1674557183938 0.7131510376930237 23
1674557267755 0.7395182251930237 24
1674557350289 0.7222656011581421 25
1674557432787 0.725781261920929 26
1674557515487 0.747265636920929 27
1674557598495 0.760937511920929 28
1674557682099 0.746874988079071 29
1674557764391 0.7613932490348816 30
1674557847839 0.7777343988418579 31
1674557932545 0.7789062261581421 32
1674558015667 0.7225260138511658 33
1674558097952 0.7527994513511658 34
1674558179773 0.7629557251930237 35
1674558262606 0.7611328363418579 36
1674558344666 0.7728515863418579 37
1674558428559 0.8033202886581421 38
1674558511176 0.7928385138511658 39
1674558594742 0.8069010376930237 40
1674558677525 0.794921875 41
1674558760882 0.7850911617279053 42
1674558844941 0.7736979126930237 43
1674558928307 0.7968099117279053 44
1674559010649 0.8189452886581421 45
1674559097064 0.8128906488418579 46
1674559179912 0.795117199420929 47
1674559261463 0.8124349117279053 48
1674559344420 0.8096354007720947 49
1674559427617 0.7881510257720947 50
1674559510443 0.8169270753860474 51
1674559594636 0.8042317628860474 52
1674559679756 0.8173828125 53
1674559763060 0.8373047113418579 54
1674559845971 0.8026692867279053 55
1674559928800 0.7796875238418579 56
1674560012193 0.8270182013511658 57
1674560095253 0.8045572638511658 58
1674560178338 0.808398425579071 59
1674560261034 0.804882824420929 60
1674560343803 0.831835925579071 61
1674560426362 0.8110026121139526 62
1674560509757 0.8060547113418579 63
1674560592647 0.808398425579071 64
1674560674820 0.8216145634651184 65
1674560757426 0.8241536617279053 66
1674560839081 0.8215494751930237 67
1674560920930 0.8256510496139526 68
1674561003524 0.8360677361488342 69
1674561086593 0.8371744751930237 70
1674561169464 0.8235676884651184 71
1674561251722 0.813671886920929 72
1674561334062 0.8121744990348816 73
1674561418101 0.8311849236488342 74
1674561500617 0.826171875 75
1674561583191 0.8428385257720947 76
1674561665245 0.8434895873069763 77
1674561747849 0.8317057490348816 78
1674561830906 0.8227864503860474 79
1674561913229 0.8391276001930237 80
1674561995785 0.8453776240348816 81
1674562078936 0.8358724117279053 82
1674562162311 0.8427083492279053 83
1674562244489 0.8300130367279053 84
1674562327921 0.8319661617279053 85
1674562411027 0.8408203125 86
1674562493217 0.8458333611488342 87
1674562575556 0.834765613079071 88
1674562658199 0.8514974117279053 89
1674562740951 0.850390613079071 90
1674562823178 0.8505208492279053 91
1674562907467 0.8321614861488342 92
1674562989674 0.8514322638511658 93
1674563071603 0.8488932251930237 94
1674563160848 0.8290364742279053 95
1674563251969 0.8382812738418579 96
1674563345917 0.8349609375 97
1674563433160 0.8500000238418579 98
1674563514858 0.8498697876930237 99
