1674555280893 3.7095682621002197 0
1674555359900 3.548602342605591 1
1674555439862 3.371161460876465 2
1674555520827 3.2191989421844482 3
1674555602653 3.0890917778015137 4
1674555685711 2.988562822341919 5
1674555769365 2.956183433532715 6
1674555851642 2.850816488265991 7
1674555933345 2.763883113861084 8
1674556016353 2.7129464149475098 9
1674556101182 2.6705665588378906 10
1674556184756 2.5379841327667236 11
1674556266727 2.486294746398926 12
1674556350143 2.42577862739563 13
1674556434926 2.4599907398223877 14
1674556518379 2.3223605155944824 15
1674556601229 2.264754295349121 16
1674556685120 2.2721683979034424 17
1674556769058 2.0814666748046875 18
1674556852227 2.061521291732788 19
1674556935166 2.022148370742798 20
1674557018549 2.04145884513855 21
1674557100718 2.012427568435669 22
1674557183938 1.927278757095337 23
1674557267755 1.8393348455429077 24
1674557350289 1.8830866813659668 25
1674557432787 1.8805773258209229 26
1674557515487 1.8070722818374634 27
1674557598495 1.7197778224945068 28
1674557682099 1.749221682548523 29
1674557764391 1.6647179126739502 30
1674557847839 1.5821655988693237 31
1674557932545 1.564379334449768 32
1674558015667 1.7383100986480713 33
1674558097952 1.6034916639328003 34
1674558179773 1.5638145208358765 35
1674558262606 1.568455457687378 36
1674558344666 1.5155582427978516 37
1674558428559 1.3777040243148804 38
1674558511176 1.3906534910202026 39
1674558594742 1.3327078819274902 40
1674558677525 1.3563523292541504 41
1674558760882 1.3632270097732544 42
1674558844941 1.390331506729126 43
1674558928307 1.3075096607208252 44
1674559010649 1.2107679843902588 45
1674559097064 1.2169972658157349 46
1674559179912 1.275699257850647 47
1674559261463 1.1915451288223267 48
1674559344420 1.1894649267196655 49
1674559427617 1.2553133964538574 50
1674559510443 1.1393024921417236 51
1674559594636 1.1880639791488647 52
1674559679756 1.1333919763565063 53
1674559763060 1.0350052118301392 54
1674559845971 1.1461994647979736 55
1674559928800 1.235443353652954 56
1674560012193 1.058253526687622 57
1674560095253 1.1367398500442505 58
1674560178338 1.0982468128204346 59
1674560261034 1.1035794019699097 60
1674560343803 0.9944646954536438 61
1674560426362 1.058070421218872 62
1674560509757 1.0952359437942505 63
1674560592647 1.078320026397705 64
1674560674820 0.9968856573104858 65
1674560757426 0.9684897661209106 66
1674560839081 1.007530927658081 67
1674560920930 0.9838007688522339 68
1674561003524 0.9270474910736084 69
1674561086593 0.902041494846344 70
1674561169464 0.9401530027389526 71
1674561251722 1.0036708116531372 72
1674561334062 1.0180436372756958 73
1674561418101 0.9106189608573914 74
1674561500617 0.9208776950836182 75
1674561583191 0.8607457280158997 76
1674561665245 0.8778632283210754 77
1674561747849 0.9045169949531555 78
1674561830906 0.9445866346359253 79
1674561913229 0.842899739742279 80
1674561995785 0.8198570609092712 81
1674562078936 0.8369321823120117 82
1674562162311 0.8263996839523315 83
1674562244489 0.8798580169677734 84
1674562327921 0.8616442084312439 85
1674562411027 0.8061302900314331 86
1674562493217 0.7896938323974609 87
1674562575556 0.8190191984176636 88
1674562658199 0.750494658946991 89
1674562740951 0.7526788711547852 90
1674562823178 0.772580087184906 91
1674562907467 0.8394027352333069 92
1674562989674 0.7593971490859985 93
1674563071603 0.745853066444397 94
1674563160848 0.8610820174217224 95
1674563251969 0.8213487863540649 96
1674563345917 0.8353742957115173 97
1674563433160 0.7555032968521118 98
1674563514858 0.7728784680366516 99
