1675198641184 0.28451088070869446 0
1675198669552 0.5695652365684509 1
1675198698233 0.648726224899292 2
1675198724470 0.7072010636329651 3
1675198750822 0.7032778263092041 4
1675198777007 0.7623641490936279 5
1675198806685 0.7802988886833191 6
1675198836322 0.797724187374115 7
1675198863132 0.810818612575531 8
1675198889802 0.8224015235900879 9
1675198916475 0.8240489363670349 10
1675198944209 0.841236412525177 11
1675198984001 0.830298900604248 12
1675199011626 0.844904899597168 13
1675199051499 0.8427819013595581 14
1675199078343 0.836769700050354 15
1675199104982 0.861922562122345 16
1675199131583 0.866134524345398 17
1675199158300 0.868342399597168 18
1675199188673 0.8690556883811951 19
1675199225936 0.868325412273407 20
1675199252718 0.874949038028717 21
1675199279465 0.873097836971283 22
1675199308400 0.8790930509567261 23
1675199335235 0.887245237827301 24
1675199378920 0.8803838491439819 25
1675199406162 0.889164388179779 26
1675199432833 0.888637900352478 27
1675199459525 0.8893512487411499 28
1675199486229 0.890387237071991 29
1675199512881 0.892849862575531 30
1675199539501 0.8901834487915039 31
1675199565868 0.8951766490936279 32
1675199593252 0.8848845362663269 33
1675199620030 0.905451774597168 34
1675199646447 0.897894024848938 35
1675199672798 0.900934100151062 36
1675199699513 0.9007472991943359 37
1675199725919 0.902649462223053 38
1675199752348 0.910954475402832 39
1675199779419 0.9081012010574341 40
1675199805836 0.912381112575531 41
1675199846878 0.9086446762084961 42
1675199873715 0.9074558615684509 43
1675199900068 0.9046535491943359 44
1675199926736 0.9119565486907959 45
1675199953225 0.9086276888847351 46
1675199980652 0.9106147885322571 47
1675200007083 0.9113790988922119 48
1675200033761 0.9108865261077881 49
1675200060147 0.914928674697876 50
1675200086787 0.920974850654602 51
1675200113454 0.920788049697876 52
1675200139836 0.911565899848938 53
1675200166899 0.911803662776947 54
1675200193315 0.9137058258056641 55
1675200219757 0.917680025100708 56
1675200246476 0.915998637676239 57
1675200272919 0.91576087474823 58
1675200299343 0.9189028739929199 59
1675200325802 0.9255774617195129 60
1675200355712 0.9183593988418579 61
1675200382256 0.926002025604248 62
1675200408974 0.9222826361656189 63
1675200435421 0.925849199295044 64
1675200462051 0.9256114363670349 65
1675200488423 0.924099862575531 66
1675200514827 0.92629075050354 67
1675200542002 0.928583562374115 68
1675200568708 0.9267662763595581 69
1675200595118 0.925713300704956 70
1675200621531 0.923505425453186 71
1675200648011 0.9228430986404419 72
1675200674701 0.9270889759063721 73
1675200701374 0.928821325302124 74
1675200728752 0.924932062625885 75
1675200755142 0.923879086971283 76
1675200781549 0.928549587726593 77
1675200808178 0.926919162273407 78
1675200849254 0.927785336971283 79
1675200875785 0.9298912882804871 80
1675200902528 0.9326426386833191 81
1675200929651 0.9304517507553101 82
1675200956164 0.9334239363670349 83
1675200982650 0.9309612512588501 84
1675201009024 0.933355987071991 85
1675201035658 0.9314368367195129 86
1675201062364 0.9333899617195129 87
1675201089502 0.9309273362159729 88
1675201129792 0.9306725263595581 89
1675201156345 0.932812511920929 90
1675201182969 0.9320482611656189 91
1675201209375 0.932438850402832 92
1675201235832 0.9304347634315491 93
1675201262283 0.9371433258056641 94
1675201289346 0.9361752867698669 95
1675201315793 0.933882474899292 96
1675201342200 0.9340183138847351 97
1675201368590 0.9306895136833191 98
1675201395027 0.9340353012084961 99
