1675198641184 3.584489345550537 0
1675198669552 1.9330817461013794 1
1675198698233 1.558881402015686 2
1675198724470 1.2692567110061646 3
1675198750822 1.2578401565551758 4
1675198777007 0.976195216178894 5
1675198806685 0.879210352897644 6
1675198836322 0.794518768787384 7
1675198863132 0.729612410068512 8
1675198889802 0.6776430010795593 9
1675198916475 0.6629108786582947 10
1675198944209 0.5894046425819397 11
1675198984001 0.6279653906822205 12
1675199011626 0.5650094151496887 13
1675199051499 0.5629874467849731 14
1675199078343 0.5875630378723145 15
1675199104982 0.4890424311161041 16
1675199131583 0.47420379519462585 17
1675199158300 0.46298670768737793 18
1675199188673 0.4537784457206726 19
1675199225936 0.4560706317424774 20
1675199252718 0.4348362386226654 21
1675199279465 0.4354587197303772 22
1675199308400 0.41245076060295105 23
1675199335235 0.38365766406059265 24
1675199378920 0.4002229869365692 25
1675199406162 0.37029483914375305 26
1675199432833 0.3702852725982666 27
1675199459525 0.3708034157752991 28
1675199486229 0.3616750240325928 29
1675199512881 0.3574814796447754 30
1675199539501 0.36039918661117554 31
1675199565868 0.3481029272079468 32
1675199593252 0.380359947681427 33
1675199620030 0.30484938621520996 34
1675199646447 0.32854580879211426 35
1675199672798 0.31939494609832764 36
1675199699513 0.3243156373500824 37
1675199725919 0.31218138337135315 38
1675199752348 0.2811658978462219 39
1675199779419 0.2914319336414337 40
1675199805836 0.27410781383514404 41
1675199846878 0.2901374399662018 42
1675199873715 0.29094699025154114 43
1675199900068 0.2991160452365875 44
1675199926736 0.2790336310863495 45
1675199953225 0.2807290256023407 46
1675199980652 0.27877363562583923 47
1675200007083 0.27806445956230164 48
1675200033761 0.27588537335395813 49
1675200060147 0.26210641860961914 50
1675200086787 0.2405521720647812 51
1675200113454 0.2468973845243454 52
1675200139836 0.2720557749271393 53
1675200166899 0.27086159586906433 54
1675200193315 0.2648564577102661 55
1675200219757 0.2477027326822281 56
1675200246476 0.25359046459198 57
1675200272919 0.25643664598464966 58
1675200299343 0.24909675121307373 59
1675200325802 0.2230510711669922 60
1675200355712 0.25073766708374023 61
1675200382256 0.2237507402896881 62
1675200408974 0.23218625783920288 63
1675200435421 0.22086475789546967 64
1675200462051 0.21947763860225677 65
1675200488423 0.22213749587535858 66
1675200514827 0.22100670635700226 67
1675200542002 0.21167422831058502 68
1675200568708 0.22026489675045013 69
1675200595118 0.22104516625404358 70
1675200621531 0.22931627929210663 71
1675200648011 0.22621244192123413 72
1675200674701 0.21809393167495728 73
1675200701374 0.21435514092445374 74
1675200728752 0.21970872581005096 75
1675200755142 0.22524712979793549 76
1675200781549 0.20660045742988586 77
1675200808178 0.21576809883117676 78
1675200849254 0.2106909155845642 79
1675200875785 0.20248107612133026 80
1675200902528 0.1915680468082428 81
1675200929651 0.20375674962997437 82
1675200956164 0.1916452944278717 83
1675200982650 0.20006369054317474 84
1675201009024 0.19351457059383392 85
1675201035658 0.2001568228006363 86
1675201062364 0.19189085066318512 87
1675201089502 0.2003147304058075 88
1675201129792 0.20180125534534454 89
1675201156345 0.19513238966464996 90
1675201182969 0.19652613997459412 91
1675201209375 0.19263827800750732 92
1675201235832 0.20225606858730316 93
1675201262283 0.17372840642929077 94
1675201289346 0.17759813368320465 95
1675201315793 0.18617558479309082 96
1675201342200 0.18452590703964233 97
1675201368590 0.19680137932300568 98
1675201395027 0.19167231023311615 99
