1674472234793 0.23183593153953552 0
1674472262564 0.283203125 1
1674472288875 0.30859375 2
1674472315999 0.3324218690395355 3
1674472343232 0.3285156190395355 4
1674472370261 0.33769530057907104 5
1674472397010 0.33906251192092896 6
1674472423184 0.3515625 7
1674472450055 0.35820311307907104 8
1674472477026 0.3482421934604645 9
1674472504467 0.36699217557907104 10
1674472531574 0.3666015565395355 11
1674472559168 0.3671875 12
1674472586937 0.37578123807907104 13
1674472614733 0.3681640625 14
1674472643394 0.3628906309604645 15
1674472671524 0.3736328184604645 16
1674472699639 0.4007812440395355 17
1674472727720 0.3951171934604645 18
1674472755445 0.3984375 19
1674472783642 0.39531248807907104 20
1674472811816 0.4066406190395355 21
1674472839839 0.40800780057907104 22
1674472867004 0.3910156190395355 23
1674472895071 0.40742188692092896 24
1674472923118 0.4058593809604645 25
1674472951059 0.4126953184604645 26
1674472978939 0.4087890684604645 27
1674473006798 0.4156250059604645 28
1674473034545 0.4134765565395355 29
1674473062462 0.4296875 30
1674473090450 0.4140625 31
1674473118047 0.4271484315395355 32
1674473145491 0.4242187440395355 33
1674473173447 0.41972655057907104 34
1674473200925 0.42265623807907104 35
1674473228681 0.4341796934604645 36
1674473256473 0.4242187440395355 37
1674473285384 0.41874998807907104 38
1674473313202 0.43730467557907104 39
1674473341178 0.4345703125 40
1674473369278 0.4212890565395355 41
1674473396840 0.42402344942092896 42
1674473424560 0.4498046934604645 43
1674473452370 0.43671876192092896 44
1674473480163 0.43769532442092896 45
1674473508736 0.4419921934604645 46
1674473537023 0.44648438692092896 47
1674473565472 0.44648438692092896 48
1674473593555 0.4419921934604645 49
1674473621553 0.45820313692092896 50
1674473649274 0.443359375 51
1674473677856 0.4576171934604645 52
1674473705904 0.4544921815395355 53
1674473733763 0.4603515565395355 54
1674473761996 0.45976561307907104 55
1674473789917 0.4462890625 56
1674473817754 0.44609373807907104 57
1674473846078 0.4712890684604645 58
1674473874218 0.4671874940395355 59
1674473902651 0.4525390565395355 60
1674473930583 0.46308594942092896 61
1674473959081 0.4517578184604645 62
1674473986569 0.4613281190395355 63
1674474014751 0.45722657442092896 64
1674474042406 0.4720703065395355 65
1674474070159 0.4644531309604645 66
1674474098136 0.46894532442092896 67
1674474125892 0.4820312559604645 68
1674474153972 0.4896484315395355 69
1674474182120 0.48847657442092896 70
1674474210255 0.4878906309604645 71
1674474238167 0.48652344942092896 72
1674474265883 0.48417967557907104 73
1674474293626 0.49101561307907104 74
1674474321687 0.49628907442092896 75
1674474350129 0.4853515625 76
1674474377958 0.49042969942092896 77
1674474406336 0.4873046875 78
1674474434394 0.5003906488418579 79
1674474462628 0.4873046875 80
1674474490719 0.4994140565395355 81
1674474518811 0.49824219942092896 82
1674474547033 0.514843761920929 83
1674474575455 0.4912109375 84
1674474603188 0.501171886920929 85
1674474631159 0.4996093809604645 86
1674474658697 0.501171886920929 87
1674474687251 0.507031261920929 88
1674474715218 0.525390625 89
1674474743925 0.5093749761581421 90
1674474772336 0.4945312440395355 91
1674474800338 0.5009765625 92
1674474828103 0.4957031309604645 93
1674474856164 0.505664050579071 94
1674474884275 0.49335938692092896 95
1674474912596 0.5083984136581421 96
1674474940367 0.5189453363418579 97
1674474968541 0.50390625 98
1674474996596 0.5146484375 99
