1674472234793 2.0774338245391846 0
1674472262564 1.9401330947875977 1
1674472288875 1.872675895690918 2
1674472315999 1.8244308233261108 3
1674472343232 1.7921485900878906 4
1674472370261 1.7656177282333374 5
1674472397010 1.7486432790756226 6
1674472423184 1.7129474878311157 7
1674472450055 1.6704105138778687 8
1674472477026 1.6606719493865967 9
1674472504467 1.629940390586853 10
1674472531574 1.6155582666397095 11
1674472559168 1.5925372838974 12
1674472586937 1.572421669960022 13
1674472614733 1.573676347732544 14
1674472643394 1.5552641153335571 15
1674472671524 1.5350152254104614 16
1674472699639 1.5157870054244995 17
1674472727720 1.4949162006378174 18
1674472755445 1.4913058280944824 19
1674472783642 1.477813482284546 20
1674472811816 1.456552267074585 21
1674472839839 1.4456413984298706 22
1674472867004 1.4572101831436157 23
1674472895071 1.4419348239898682 24
1674472923118 1.433109164237976 25
1674472951059 1.4228131771087646 26
1674472978939 1.4159390926361084 27
1674473006798 1.4066253900527954 28
1674473034545 1.3989592790603638 29
1674473062462 1.3823224306106567 30
1674473090450 1.3895385265350342 31
1674473118047 1.378933310508728 32
1674473145491 1.3727779388427734 33
1674473173447 1.3876056671142578 34
1674473200925 1.3673193454742432 35
1674473228681 1.3493854999542236 36
1674473256473 1.3578659296035767 37
1674473285384 1.3623645305633545 38
1674473313202 1.3508933782577515 39
1674473341178 1.3496192693710327 40
1674473369278 1.3482228517532349 41
1674473396840 1.351527452468872 42
1674473424560 1.3279223442077637 43
1674473452370 1.3284480571746826 44
1674473480163 1.3319720029830933 45
1674473508736 1.3137410879135132 46
1674473537023 1.3161752223968506 47
1674473565472 1.3095450401306152 48
1674473593555 1.2997180223464966 49
1674473621553 1.2907228469848633 50
1674473649274 1.3070839643478394 51
1674473677856 1.2865949869155884 52
1674473705904 1.283848762512207 53
1674473733763 1.2718467712402344 54
1674473761996 1.2855925559997559 55
1674473789917 1.3001902103424072 56
1674473817754 1.2952592372894287 57
1674473846078 1.2659683227539062 58
1674473874218 1.276122808456421 59
1674473902651 1.2748253345489502 60
1674473930583 1.2670036554336548 61
1674473959081 1.2755391597747803 62
1674473986569 1.274507761001587 63
1674474014751 1.2721792459487915 64
1674474042406 1.2540658712387085 65
1674474070159 1.252293586730957 66
1674474098136 1.254854679107666 67
1674474125892 1.2332913875579834 68
1674474153972 1.2437009811401367 69
1674474182120 1.2410134077072144 70
1674474210255 1.238448977470398 71
1674474238167 1.2366845607757568 72
1674474265883 1.2284775972366333 73
1674474293626 1.2273247241973877 74
1674474321687 1.2331998348236084 75
1674474350129 1.2333879470825195 76
1674474377958 1.223743200302124 77
1674474406336 1.2313446998596191 78
1674474434394 1.2222028970718384 79
1674474462628 1.2243356704711914 80
1674474490719 1.2104785442352295 81
1674474518811 1.200339913368225 82
1674474547033 1.1977674961090088 83
1674474575455 1.22066068649292 84
1674474603188 1.2061386108398438 85
1674474631159 1.201951026916504 86
1674474658697 1.205962061882019 87
1674474687251 1.2010642290115356 88
1674474715218 1.180854082107544 89
1674474743925 1.1866693496704102 90
1674474772336 1.1974765062332153 91
1674474800338 1.1877703666687012 92
1674474828103 1.192671537399292 93
1674474856164 1.1785356998443604 94
1674474884275 1.1940100193023682 95
1674474912596 1.193790078163147 96
1674474940367 1.1783156394958496 97
1674474968541 1.1757702827453613 98
1674474996596 1.1712833642959595 99
