1674466238883 0.22812500596046448 0
1674466256768 0.2824999988079071 1
1674466274151 0.3021875023841858 2
1674466292092 0.30375000834465027 3
1674466311266 0.30906251072883606 4
1674466331562 0.32249999046325684 5
1674466349671 0.35874998569488525 6
1674466372637 0.33812499046325684 7
1674466394077 0.36500000953674316 8
1674466413809 0.3675000071525574 9
1674466432259 0.3643749952316284 10
1674466450561 0.3721874952316284 11
1674466468019 0.37281250953674316 12
1674466485331 0.375 13
1674466503707 0.3934375047683716 14
1674466522843 0.38093748688697815 15
1674466540904 0.3943749964237213 16
1674466558729 0.36156249046325684 17
1674466577246 0.37562501430511475 18
1674466595127 0.375 19
1674466613651 0.3765625059604645 20
1674466633465 0.3778125047683716 21
1674466651896 0.3815625011920929 22
1674466669809 0.37062498927116394 23
1674466690395 0.3824999928474426 24
1674466708827 0.3634375035762787 25
1674466726970 0.375 26
1674466746601 0.3865624964237213 27
1674466768112 0.37687501311302185 28
1674466788056 0.36906251311302185 29
1674466809190 0.38718751072883606 30
1674466831755 0.38093748688697815 31
1674466851550 0.38187500834465027 32
1674466870675 0.3956249952316284 33
1674466894076 0.38624998927116394 34
1674466915967 0.3803125023841858 35
1674466935802 0.38343751430511475 36
1674466956330 0.40562498569488525 37
1674466978780 0.3909375071525574 38
1674466997297 0.38749998807907104 39
1674467018473 0.38499999046325684 40
1674467039614 0.390625 41
1674467059522 0.39625000953674316 42
1674467078797 0.41093748807907104 43
1674467100598 0.4037500023841858 44
1674467120013 0.4009374976158142 45
1674467139139 0.3943749964237213 46
1674467157036 0.3921875059604645 47
1674467175706 0.40281251072883606 48
1674467196477 0.39750000834465027 49
1674467215948 0.3881250023841858 50
1674467235280 0.4034374952316284 51
1674467253357 0.38718751072883606 52
1674467271256 0.4059374928474426 53
1674467289785 0.40281251072883606 54
1674467309067 0.40406250953674316 55
1674467329168 0.4000000059604645 56
1674467349630 0.4025000035762787 57
1674467369822 0.3828125 58
1674467388652 0.3981249928474426 59
