1674466238883 1.960921049118042 0
1674466256768 1.8935307264328003 1
1674466274151 1.8343331813812256 2
1674466292092 1.8061085939407349 3
1674466311266 1.7924479246139526 4
1674466331562 1.7565783262252808 5
1674466349671 1.7106536626815796 6
1674466372637 1.709904432296753 7
1674466394077 1.6763571500778198 8
1674466413809 1.6748459339141846 9
1674466432259 1.6667625904083252 10
1674466450561 1.6457722187042236 11
1674466468019 1.6251758337020874 12
1674466485331 1.6169304847717285 13
1674466503707 1.5858969688415527 14
1674466522843 1.6058202981948853 15
1674466540904 1.5540988445281982 16
1674466558729 1.5883032083511353 17
1674466577246 1.5919082164764404 18
1674466595127 1.5820127725601196 19
1674466613651 1.5603017807006836 20
1674466633465 1.5758570432662964 21
1674466651896 1.5677047967910767 22
1674466669809 1.5485236644744873 23
1674466690395 1.5375001430511475 24
1674466708827 1.5619622468948364 25
1674466726970 1.536608099937439 26
1674466746601 1.5156073570251465 27
1674466768112 1.5244712829589844 28
1674466788056 1.5369505882263184 29
1674466809190 1.5047672986984253 30
1674466831755 1.5108720064163208 31
1674466851550 1.5187079906463623 32
1674466870675 1.4916938543319702 33
1674466894076 1.5187050104141235 34
1674466915967 1.5182991027832031 35
1674466935802 1.4985274076461792 36
1674466956330 1.4671615362167358 37
1674466978780 1.4946587085723877 38
1674466997297 1.4852612018585205 39
1674467018473 1.4883909225463867 40
1674467039614 1.4864856004714966 41
1674467059522 1.4676728248596191 42
1674467078797 1.4709947109222412 43
1674467100598 1.4643652439117432 44
1674467120013 1.4650261402130127 45
1674467139139 1.47151517868042 46
1674467157036 1.4682722091674805 47
1674467175706 1.4622095823287964 48
1674467196477 1.4642999172210693 49
1674467215948 1.456824779510498 50
1674467235280 1.449118971824646 51
1674467253357 1.4645670652389526 52
1674467271256 1.442126750946045 53
1674467289785 1.4558426141738892 54
1674467309067 1.4391562938690186 55
1674467329168 1.4507712125778198 56
1674467349630 1.4553613662719727 57
1674467369822 1.4644463062286377 58
1674467388652 1.4492650032043457 59
