1674405068065 0.20781250298023224 0
1674405082245 0.2874999940395355 1
1674405095869 0.29374998807907104 2
1674405109539 0.3375000059604645 3
1674405123314 0.333984375 4
1674405136637 0.318359375 5
1674405150600 0.3324218690395355 6
1674405164554 0.34453123807907104 7
1674405178820 0.3421874940395355 8
1674405192903 0.34062498807907104 9
1674405206769 0.3785156309604645 10
1674405220237 0.3628906309604645 11
1674405234258 0.36328125 12
1674405248549 0.353515625 13
1674405262636 0.369140625 14
1674405276276 0.37812501192092896 15
1674405290402 0.36835938692092896 16
1674405304838 0.3882812559604645 17
1674405318737 0.3843750059604645 18
1674405333187 0.38164061307907104 19
1674405348119 0.396484375 20
1674405362889 0.38945311307907104 21
1674405377403 0.3843750059604645 22
1674405392241 0.3882812559604645 23
1674405406614 0.388671875 24
1674405421081 0.39375001192092896 25
1674405435423 0.40625 26
1674405450324 0.4007812440395355 27
1674405464878 0.4097656309604645 28
1674405479681 0.400390625 29
1674405493795 0.384765625 30
1674405509154 0.416015625 31
1674405523341 0.41718751192092896 32
1674405537629 0.39960938692092896 33
1674405552486 0.4058593809604645 34
1674405567092 0.40937501192092896 35
1674405582025 0.39960938692092896 36
1674405596603 0.41718751192092896 37
1674405611045 0.3902343809604645 38
1674405625607 0.4117187559604645 39
1674405640505 0.4078125059604645 40
1674405654691 0.423828125 41
1674405669485 0.41328126192092896 42
1674405683354 0.42695313692092896 43
1674405698188 0.4253906309604645 44
1674405712579 0.40742188692092896 45
1674405726987 0.41914063692092896 46
1674405741650 0.43828123807907104 47
1674405755902 0.42578125 48
1674405770709 0.4203124940395355 49
1674405785595 0.421875 50
1674405800762 0.423828125 51
1674405815818 0.4183593690395355 52
1674405831294 0.41874998807907104 53
1674405845930 0.4261718690395355 54
1674405860928 0.4468750059604645 55
1674405875377 0.4296875 56
1674405889539 0.42890626192092896 57
1674405904361 0.45195311307907104 58
1674405919450 0.4312500059604645 59
