1674405068065 1.9563615322113037 0
1674405082245 1.8512351512908936 1
1674405095869 1.7996692657470703 2
1674405109539 1.752126693725586 3
1674405123314 1.755919098854065 4
1674405136637 1.7330341339111328 5
1674405150600 1.715624213218689 6
1674405164554 1.6840283870697021 7
1674405178820 1.6805555820465088 8
1674405192903 1.6529710292816162 9
1674405206769 1.6091219186782837 10
1674405220237 1.6284586191177368 11
1674405234258 1.6164865493774414 12
1674405248549 1.6074819564819336 13
1674405262636 1.5824543237686157 14
1674405276276 1.5662410259246826 15
1674405290402 1.5649703741073608 16
1674405304838 1.5455331802368164 17
1674405318737 1.5498820543289185 18
1674405333187 1.552628517150879 19
1674405348119 1.5231058597564697 20
1674405362889 1.5112258195877075 21
1674405377403 1.5053340196609497 22
1674405392241 1.4845104217529297 23
1674405406614 1.4825576543807983 24
1674405421081 1.4768277406692505 25
1674405435423 1.4493482112884521 26
1674405450324 1.4487240314483643 27
1674405464878 1.4515092372894287 28
1674405479681 1.4468618631362915 29
1674405493795 1.442012071609497 30
1674405509154 1.410528540611267 31
1674405523341 1.4260205030441284 32
1674405537629 1.4333440065383911 33
1674405552486 1.4175785779953003 34
1674405567092 1.4066649675369263 35
1674405582025 1.414794683456421 36
1674405596603 1.3870108127593994 37
1674405611045 1.3982713222503662 38
1674405625607 1.4058830738067627 39
1674405640505 1.3938461542129517 40
1674405654691 1.3736547231674194 41
1674405669485 1.3777902126312256 42
1674405683354 1.3674085140228271 43
1674405698188 1.3633434772491455 44
1674405712579 1.3754103183746338 45
1674405726987 1.3732435703277588 46
1674405741650 1.3492867946624756 47
1674405755902 1.3507682085037231 48
1674405770709 1.3508423566818237 49
1674405785595 1.3427785634994507 50
1674405800762 1.350389003753662 51
1674405815818 1.352571725845337 52
1674405831294 1.3221794366836548 53
1674405845930 1.3423389196395874 54
1674405860928 1.3244969844818115 55
1674405875377 1.3311045169830322 56
1674405889539 1.3246999979019165 57
1674405904361 1.3197038173675537 58
1674405919450 1.3094046115875244 59
