1674467760830 0.22045454382896423 0
1674467781265 0.24630682170391083 1
1674467800380 0.27954545617103577 2
1674467818892 0.28465908765792847 3
1674467837455 0.3125 4
1674467855700 0.3139204680919647 5
1674467877345 0.3389204442501068 6
1674467896725 0.3235795497894287 7
1674467917436 0.33579546213150024 8
1674467937489 0.33693182468414307 9
1674467958726 0.34176135063171387 10
1674467978683 0.32982954382896423 11
1674467996881 0.3488636314868927 12
1674468015453 0.34715908765792847 13
1674468034656 0.34545454382896423 14
1674468054454 0.353409081697464 15
1674468074351 0.3531250059604645 16
1674468094613 0.34062498807907104 17
1674468114631 0.3607954680919647 18
1674468136510 0.35596591234207153 19
1674468156772 0.35681816935539246 20
1674468176269 0.3494318127632141 21
1674468196279 0.35255682468414307 22
1674468215761 0.37698864936828613 23
1674468236691 0.3590908944606781 24
1674468256607 0.36704546213150024 25
1674468277788 0.37784090638160706 26
1674468296914 0.3812499940395355 27
1674468315756 0.36136364936828613 28
1674468334590 0.3394886255264282 29
1674468354335 0.3758522868156433 30
1674468373462 0.37215909361839294 31
1674468392297 0.39857953786849976 32
1674468411847 0.36704546213150024 33
1674468432259 0.3789772689342499 34
1674468454430 0.37244316935539246 35
1674468473394 0.3903408944606781 36
1674468493382 0.37784090638160706 37
1674468512425 0.369034081697464 38
1674468531892 0.37727272510528564 39
1674468551612 0.38295453786849976 40
1674468574527 0.3954545557498932 41
1674468596420 0.3755681812763214 42
1674468616270 0.3917613625526428 43
1674468635177 0.37869319319725037 44
1674468655603 0.4051136374473572 45
1674468677018 0.3917613625526428 46
1674468697010 0.37812501192092896 47
1674468718788 0.3863636255264282 48
1674468737951 0.38693180680274963 49
1674468758896 0.4000000059604645 50
1674468778289 0.38380682468414307 51
1674468798774 0.39886364340782166 52
1674468818759 0.38721591234207153 53
1674468839289 0.3963068127632141 54
1674468858883 0.3860795497894287 55
1674468879978 0.39375001192092896 56
1674468901976 0.4068181812763214 57
1674468922384 0.3900568187236786 58
1674468942518 0.39744317531585693 59
