1674467760830 2.0140602588653564 0
1674467781265 1.9171652793884277 1
1674467800380 1.861374020576477 2
1674467818892 1.817312240600586 3
1674467837455 1.791165828704834 4
1674467855700 1.7695953845977783 5
1674467877345 1.752743124961853 6
1674467896725 1.7348034381866455 7
1674467917436 1.7310364246368408 8
1674467937489 1.7023653984069824 9
1674467958726 1.6838055849075317 10
1674467978683 1.6986292600631714 11
1674467996881 1.6482656002044678 12
1674468015453 1.6558634042739868 13
1674468034656 1.640834927558899 14
1674468054454 1.6221500635147095 15
1674468074351 1.6369882822036743 16
1674468094613 1.6224931478500366 17
1674468114631 1.609097957611084 18
1674468136510 1.6015660762786865 19
1674468156772 1.5731014013290405 20
1674468176269 1.6116302013397217 21
1674468196279 1.5912646055221558 22
1674468215761 1.5606207847595215 23
1674468236691 1.569692611694336 24
1674468256607 1.5686677694320679 25
1674468277788 1.542497992515564 26
1674468296914 1.5392593145370483 27
1674468315756 1.5466057062149048 28
1674468334590 1.5877940654754639 29
1674468354335 1.526364803314209 30
1674468373462 1.5307281017303467 31
1674468392297 1.4951257705688477 32
1674468411847 1.5105825662612915 33
1674468432259 1.5020495653152466 34
1674468454430 1.5197194814682007 35
1674468473394 1.5042409896850586 36
1674468493382 1.4958162307739258 37
1674468512425 1.5210410356521606 38
1674468531892 1.478438138961792 39
1674468551612 1.4806383848190308 40
1674468574527 1.487326979637146 41
1674468596420 1.5089821815490723 42
1674468616270 1.4719561338424683 43
1674468635177 1.474147915840149 44
1674468655603 1.4672234058380127 45
1674468677018 1.4710278511047363 46
1674468697010 1.4639315605163574 47
1674468718788 1.4520585536956787 48
1674468737951 1.4591445922851562 49
1674468758896 1.426917314529419 50
1674468778289 1.447686791419983 51
1674468798774 1.4636695384979248 52
1674468818759 1.461414098739624 53
1674468839289 1.441083312034607 54
1674468858883 1.4484531879425049 55
1674468879978 1.4472068548202515 56
1674468901976 1.419909119606018 57
1674468922384 1.4277184009552002 58
1674468942518 1.4221878051757812 59
