1675194559810 0.4438534080982208 0
1675194601983 0.6583409905433655 1
1675194643442 0.7327320575714111 2
1675194684598 0.7568933963775635 3
1675194723032 0.7948759198188782 4
1675194765020 0.8127872347831726 5
1675194806014 0.8165096640586853 6
1675194847667 0.8315832018852234 7
1675194888842 0.8478285670280457 8
1675194927447 0.8519991040229797 9
1675194966910 0.8529986143112183 10
1675195005341 0.8513327240943909 11
1675195043700 0.8661075234413147 12
1675195082084 0.8677964210510254 13
1675195120560 0.8702665567398071 14
1675195160799 0.8763901591300964 15
1675195200413 0.8837316036224365 16
1675195238701 0.8854894042015076 17
1675195277115 0.8786649703979492 18
1675195315553 0.8835018277168274 19
1675195353988 0.8895220756530762 20
1675195393525 0.8872242569923401 21
1675195431944 0.8908547759056091 22
1675195472837 0.8891544342041016 23
1675195511441 0.8967945575714111 24
1675195552674 0.8923598527908325 25
1675195591962 0.8964613676071167 26
1675195630246 0.90234375 27
1675195668650 0.9015050530433655 28
1675195707087 0.9062384963035583 29
1675195745547 0.9048713445663452 30
1675195784167 0.9045611023902893 31
1675195825415 0.9037224054336548 32
1675195863690 0.9119600057601929 33
1675195901981 0.915314793586731 34
1675195940335 0.909260094165802 35
1675195978608 0.9129825234413147 36
1675196017873 0.9090877771377563 37
1675196056161 0.9143956899642944 38
1675196094582 0.9134765863418579 39
1675196135462 0.914763331413269 40
1675196174096 0.9169232249259949 41
1675196213432 0.9211512207984924 42
1675196251791 0.916210949420929 43
1675196290145 0.9150620698928833 44
1675196328471 0.9197495579719543 45
1675196366869 0.9198184609413147 46
1675196406566 0.9238625764846802 47
1675196445203 0.9186351299285889 48
1675196483499 0.9225413799285889 49
1675196521814 0.9228860139846802 50
1675196560143 0.926401674747467 51
1675196598545 0.924885094165802 52
1675196638020 0.9228515625 53
1675196676382 0.9284581542015076 54
1675196714760 0.9247127771377563 55
1675196753107 0.9288028478622437 56
1675196791647 0.9210018515586853 57
1675196831252 0.9224494695663452 58
1675196869537 0.9328584671020508 59
1675196907888 0.9283892512321472 60
1675196946359 0.9247472286224365 61
1675196984828 0.930778980255127 62
1675197024357 0.9274241924285889 63
1675197062767 0.9322495460510254 64
1675197101409 0.9299402832984924 65
1675197139817 0.9267808198928833 66
1675197178203 0.9326746463775635 67
1675197217650 0.9299402832984924 68
1675197257553 0.9311695694923401 69
1675197296022 0.932892918586731 70
1675197334303 0.9319048523902893 71
1675197375450 0.9337431192398071 72
1675197415065 0.931640625 73
1675197454946 0.9293428063392639 74
1675197493323 0.930778980255127 75
1675197534138 0.9357766509056091 76
1675197572447 0.9346622228622437 77
1675197610884 0.9338579773902893 78
1675197649966 0.938671886920929 79
1675197688373 0.9357537031173706 80
1675197726688 0.9343290328979492 81
1675197765019 0.9391084313392639 82
1675197803343 0.938396155834198 83
1675197842705 0.9375574588775635 84
1675197881141 0.9374655485153198 85
1675197921757 0.9373391270637512 86
1675197960099 0.9403607249259949 87
1675197998426 0.9321346282958984 88
1675198037850 0.9393152594566345 89
1675198076897 0.9397059082984924 90
1675198115230 0.9415556192398071 91
1675198154066 0.9356043338775635 92
1675198192892 0.9426355957984924 93
1675198232175 0.9416590332984924 94
1675198270636 0.9405790567398071 95
1675198309105 0.9364200234413147 96
1675198349767 0.9403952360153198 97
1675198388340 0.9395105838775635 98
1675198427743 0.9433823823928833 99
