1675194559810 2.0682222843170166 0
1675194601983 1.1665338277816772 1
1675194643442 0.8797569870948792 2
1675194684598 0.7828032374382019 3
1675194723032 0.6544791460037231 4
1675194765020 0.5863448977470398 5
1675194806014 0.5645142793655396 6
1675194847667 0.5147479772567749 7
1675194888842 0.464761883020401 8
1675194927447 0.4498884677886963 9
1675194966910 0.4448866844177246 10
1675195005341 0.44724440574645996 11
1675195043700 0.4030933082103729 12
1675195082084 0.39764171838760376 13
1675195120560 0.39228445291519165 14
1675195160799 0.36867663264274597 15
1675195200413 0.3484327793121338 16
1675195238701 0.3420431911945343 17
1675195277115 0.36045652627944946 18
1675195315553 0.34530407190322876 19
1675195353988 0.3292408883571625 20
1675195393525 0.336647093296051 21
1675195431944 0.3214482367038727 22
1675195472837 0.33284416794776917 23
1675195511441 0.30893608927726746 24
1675195552674 0.32292383909225464 25
1675195591962 0.3051873743534088 26
1675195630246 0.2907560169696808 27
1675195668650 0.29322388768196106 28
1675195707087 0.2784968316555023 29
1675195745547 0.28134647011756897 30
1675195784167 0.28442704677581787 31
1675195825415 0.28503718972206116 32
1675195863690 0.2641468048095703 33
1675195901981 0.24825656414031982 34
1675195940335 0.26924562454223633 35
1675195978608 0.25944820046424866 36
1675196017873 0.26809945702552795 37
1675196056161 0.2533515393733978 38
1675196094582 0.2546190619468689 39
1675196135462 0.2501223385334015 40
1675196174096 0.24555423855781555 41
1675196213432 0.23287320137023926 42
1675196251791 0.24536097049713135 43
1675196290145 0.24756214022636414 44
1675196328471 0.23533201217651367 45
1675196366869 0.23555071651935577 46
1675196406566 0.22352173924446106 47
1675196445203 0.2357734739780426 48
1675196483499 0.22611045837402344 49
1675196521814 0.22400853037834167 50
1675196560143 0.2151029407978058 51
1675196598545 0.21637211740016937 52
1675196638020 0.22459723055362701 53
1675196676382 0.21016502380371094 54
1675196714760 0.22088459134101868 55
1675196753107 0.20600007474422455 56
1675196791647 0.2308296412229538 57
1675196831252 0.2253505289554596 58
1675196869537 0.19523903727531433 59
1675196907888 0.20749834179878235 60
1675196946359 0.2177702933549881 61
1675196984828 0.20132724940776825 62
1675197024357 0.21306681632995605 63
1675197062767 0.19740259647369385 64
1675197101409 0.20460999011993408 65
1675197139817 0.21333691477775574 66
1675197178203 0.1934034675359726 67
1675197217650 0.20344972610473633 68
1675197257553 0.19930441677570343 69
1675197296022 0.19300395250320435 70
1675197334303 0.19781388342380524 71
1675197375450 0.18928925693035126 72
1675197415065 0.19780531525611877 73
1675197454946 0.20312181115150452 74
1675197493323 0.2004845291376114 75
1675197534138 0.18430645763874054 76
1675197572447 0.1901809722185135 77
1675197610884 0.19217321276664734 78
1675197649966 0.17450276017189026 79
1675197688373 0.18573109805583954 80
1675197726688 0.1883668303489685 81
1675197765019 0.17720481753349304 82
1675197803343 0.17737960815429688 83
1675197842705 0.18026679754257202 84
1675197881141 0.18004170060157776 85
1675197921757 0.18168407678604126 86
1675197960099 0.1700214296579361 87
1675197998426 0.19406883418560028 88
1675198037850 0.17372620105743408 89
1675198076897 0.17326098680496216 90
1675198115230 0.16925878822803497 91
1675198154066 0.18695597350597382 92
1675198192892 0.16367286443710327 93
1675198232175 0.1672164499759674 94
1675198270636 0.1700078248977661 95
1675198309105 0.17970749735832214 96
1675198349767 0.17411069571971893 97
1675198388340 0.17274706065654755 98
1675198427743 0.16098538041114807 99
