1675190648267 0.2876802980899811 0
1675190666388 0.5403845906257629 1
1675190685124 0.6253906488418579 2
1675190700510 0.6404446959495544 3
1675190718761 0.6785456538200378 4
1675190736686 0.6936898827552795 5
1675190754638 0.6939603090286255 6
1675190773089 0.7294471263885498 7
1675190788248 0.7173076868057251 8
1675190803388 0.7304086685180664 9
1675190823806 0.7239482998847961 10
1675190841500 0.7526142001152039 11
1675190856650 0.746364176273346 12
1675190873422 0.7618088722229004 13
1675190888540 0.7644831538200378 14
1675190903571 0.766796886920929 15
1675190918556 0.7782752513885498 16
1675190933728 0.7760817408561707 17
1675190948866 0.7850661277770996 18
1675190963984 0.7649639248847961 19
1675190982233 0.7832331657409668 20
1675191000311 0.7862379550933838 21
1675191015743 0.7969651222229004 22
1675191030882 0.8104267120361328 23
1675191046057 0.8174278736114502 24
1675191061242 0.7967548370361328 25
1675191079390 0.811448335647583 26
1675191099127 0.8077223300933838 27
1675191114507 0.8046875 28
1675191129680 0.8125600814819336 29
1675191144882 0.8161057829856873 30
1675191159956 0.8070913553237915 31
1675191175104 0.8207031488418579 32
1675191190212 0.8128605484962463 33
1675191205356 0.8277944922447205 34
1675191220549 0.8313701748847961 35
1675191235652 0.8182692527770996 36
1675191250760 0.8268329501152039 37
1675191265940 0.8366286158561707 38
1675191281124 0.825390636920929 39
1675191296217 0.8287560343742371 40
1675191311860 0.8319411277770996 41
1675191328374 0.8373497724533081 42
1675191343552 0.8340744972229004 43
1675191358751 0.8294470906257629 44
1675191373948 0.847385823726654 45
1675191389126 0.831129789352417 46
1675191404227 0.8405949473381042 47
1675191419334 0.8275240659713745 48
1675191434467 0.8426682949066162 49
1675191449558 0.8387319445610046 50
1675191464656 0.8474158644676208 51
1675191479758 0.8482271432876587 52
1675191494881 0.8378305435180664 53
1675191510091 0.8417668342590332 54
1675191525269 0.8466947078704834 55
1675191542684 0.8414663672447205 56
1675191560981 0.8465144038200378 57
1675191576097 0.8525841236114502 58
1675191591283 0.8484074473381042 59
1675191606325 0.8573017120361328 60
1675191621482 0.8497295379638672 61
1675191636653 0.8529146909713745 62
1675191651806 0.8550480604171753 63
1675191666835 0.862229585647583 64
1675191681917 0.8558894395828247 65
1675191697007 0.8565805554389954 66
1675191712009 0.8592848777770996 67
1675191727065 0.858203113079071 68
1675191742093 0.8450720906257629 69
1675191759132 0.8561298251152039 70
1675191774197 0.8597355484962463 71
1675191789338 0.8595853447914124 72
1675191804454 0.8564603328704834 73
1675191819532 0.8637019395828247 74
1675191834688 0.865234375 75
1675191855138 0.8707632422447205 76
1675191872929 0.8613581657409668 77
1675191888067 0.8610877394676208 78
1675191903203 0.8713942170143127 79
1675191918237 0.8674278855323792 80
1675191933283 0.8642728328704834 81
1675191948425 0.8741887211799622 82
1675191963574 0.8662559986114502 83
1675191980557 0.8682692050933838 84
1675191995620 0.8594350814819336 85
1675192010675 0.8639423251152039 86
1675192025849 0.8636417984962463 87
1675192040958 0.8678185343742371 88
1675192055982 0.8695913553237915 89
1675192071115 0.8771935105323792 90
1675192086533 0.8666166067123413 91
1675192101588 0.859104573726654 92
1675192116661 0.8753906488418579 93
1675192131707 0.8711237907409668 94
1675192146765 0.875781238079071 95
1675192161941 0.8743389248847961 96
1675192180004 0.8719050288200378 97
1675192197854 0.8724459409713745 98
1675192212961 0.8794471025466919 99
