1675190648267 3.0089004039764404 0
1675190666388 1.8338552713394165 1
1675190685124 1.4969093799591064 2
1675190700510 1.4371768236160278 3
1675190718761 1.2826112508773804 4
1675190736686 1.212679147720337 5
1675190754638 1.2092229127883911 6
1675190773089 1.068237543106079 7
1675190788248 1.094357967376709 8
1675190803388 1.0425878763198853 9
1675190823806 1.0489006042480469 10
1675190841500 0.9582015872001648 11
1675190856650 0.9624438285827637 12
1675190873422 0.8921563625335693 13
1675190888540 0.878738284111023 14
1675190903571 0.865699827671051 15
1675190918556 0.8195618987083435 16
1675190933728 0.8194212913513184 17
1675190948866 0.7905207872390747 18
1675190963984 0.8529380559921265 19
1675190982233 0.7958860397338867 20
1675191000311 0.7701858282089233 21
1675191015743 0.7345380187034607 22
1675191030882 0.6869009137153625 23
1675191046057 0.6622782945632935 24
1675191061242 0.7317818403244019 25
1675191079390 0.6799777150154114 26
1675191099127 0.6932105422019958 27
1675191114507 0.6989434957504272 28
1675191129680 0.6769689321517944 29
1675191144882 0.6533752679824829 30
1675191159956 0.6941547393798828 31
1675191175104 0.6354148387908936 32
1675191190212 0.6577890515327454 33
1675191205356 0.6099362373352051 34
1675191220549 0.5942959189414978 35
1675191235652 0.6498103737831116 36
1675191250760 0.6068812012672424 37
1675191265940 0.5695146322250366 38
1675191281124 0.6089444160461426 39
1675191296217 0.6031426191329956 40
1675191311860 0.5892285704612732 41
1675191328374 0.5642220377922058 42
1675191343552 0.5784515738487244 43
1675191358751 0.594884991645813 44
1675191373948 0.5338635444641113 45
1675191389126 0.583230197429657 46
1675191404227 0.5577534437179565 47
1675191419334 0.5959663987159729 48
1675191434467 0.540806770324707 49
1675191449558 0.5602736473083496 50
1675191464656 0.5251581072807312 51
1675191479758 0.5212130546569824 52
1675191494881 0.555985689163208 53
1675191510091 0.5517422556877136 54
1675191525269 0.5229707956314087 55
1675191542684 0.5437716245651245 56
1675191560981 0.5216645002365112 57
1675191576097 0.5013282299041748 58
1675191591283 0.5135484933853149 59
1675191606325 0.48517218232154846 60
1675191621482 0.513831615447998 61
1675191636653 0.4972290098667145 62
1675191651806 0.49132010340690613 63
1675191666835 0.46192312240600586 64
1675191681917 0.4863126575946808 65
1675191697007 0.4896690249443054 66
1675191712009 0.4734422564506531 67
1675191727065 0.48060908913612366 68
1675191742093 0.5228290557861328 69
1675191759132 0.4804544448852539 70
1675191774197 0.46948620676994324 71
1675191789338 0.47153979539871216 72
1675191804454 0.4830658435821533 73
1675191819532 0.4494144022464752 74
1675191834688 0.44935956597328186 75
1675191855138 0.43300697207450867 76
1675191872929 0.467207133769989 77
1675191888067 0.46598681807518005 78
1675191903203 0.42498406767845154 79
1675191918237 0.4402696490287781 80
1675191933283 0.458278089761734 81
1675191948425 0.4137525260448456 82
1675191963574 0.44872817397117615 83
1675191980557 0.4380457103252411 84
1675191995620 0.4742498993873596 85
1675192010675 0.4499894380569458 86
1675192025849 0.45652395486831665 87
1675192040958 0.4431775212287903 88
1675192055982 0.43191197514533997 89
1675192071115 0.39952489733695984 90
1675192086533 0.4423309862613678 91
1675192101588 0.47232702374458313 92
1675192116661 0.41196325421333313 93
1675192131707 0.4300105571746826 94
1675192146765 0.40820810198783875 95
1675192161941 0.41550856828689575 96
1675192180004 0.41908857226371765 97
1675192197854 0.42439788579940796 98
1675192212961 0.3967147767543793 99
