1674464515893 0.16093750298023224 0
1674464531987 0.212890625 1
1674464547372 0.2574218809604645 2
1674464562529 0.248046875 3
1674464577975 0.28125 4
1674464593701 0.29374998807907104 5
1674464609260 0.27421873807907104 6
1674464624547 0.30078125 7
1674464640615 0.30546873807907104 8
1674464657288 0.29570311307907104 9
1674464673178 0.31171876192092896 10
1674464689512 0.30937498807907104 11
1674464705171 0.330078125 12
1674464720701 0.3324218690395355 13
1674464736120 0.3296875059604645 14
1674464751417 0.3203125 15
1674464766493 0.31367188692092896 16
1674464781732 0.31914061307907104 17
1674464797394 0.31562501192092896 18
1674464812858 0.33085936307907104 19
1674464828263 0.34062498807907104 20
1674464844206 0.3246093690395355 21
1674464861395 0.3199218809604645 22
1674464878951 0.30859375 23
1674464900151 0.31328123807907104 24
1674464916812 0.3296875059604645 25
1674464934575 0.34257811307907104 26
1674464951455 0.337890625 27
1674464968797 0.36015623807907104 28
1674464984492 0.35546875 29
1674465000456 0.33984375 30
1674465016314 0.34492188692092896 31
1674465031750 0.3265624940395355 32
1674465047596 0.33281248807907104 33
1674465063308 0.345703125 34
1674465079273 0.38164061307907104 35
1674465094885 0.30351561307907104 36
1674465110951 0.34296876192092896 37
1674465126976 0.3394531309604645 38
1674465142708 0.3824218809604645 39
1674465158451 0.34453123807907104 40
1674465174422 0.34648436307907104 41
1674465190162 0.3539062440395355 42
1674465205889 0.3531250059604645 43
1674465221476 0.369140625 44
1674465237458 0.345703125 45
1674465253231 0.34687501192092896 46
1674465269004 0.33281248807907104 47
1674465284390 0.3714843690395355 48
1674465300502 0.3550781309604645 49
1674465317233 0.3695312440395355 50
1674465332875 0.35429686307907104 51
1674465348467 0.3667968809604645 52
1674465364222 0.380859375 53
1674465380118 0.3472656309604645 54
1674465395926 0.36328125 55
1674465411883 0.37031251192092896 56
1674465427770 0.3871093690395355 57
1674465443331 0.38203126192092896 58
1674465459303 0.3714843690395355 59
