1674464515893 2.088940143585205 0
1674464531987 1.9995050430297852 1
1674464547372 1.9624090194702148 2
1674464562529 1.9666860103607178 3
1674464577975 1.9330600500106812 4
1674464593701 1.9111865758895874 5
1674464609260 1.8826091289520264 6
1674464624547 1.8834507465362549 7
1674464640615 1.855887770652771 8
1674464657288 1.8526651859283447 9
1674464673178 1.8265693187713623 10
1674464689512 1.826159119606018 11
1674464705171 1.805345892906189 12
1674464720701 1.7858238220214844 13
1674464736120 1.7845712900161743 14
1674464751417 1.7914272546768188 15
1674464766493 1.8012120723724365 16
1674464781732 1.7790143489837646 17
1674464797394 1.7722570896148682 18
1674464812858 1.7337576150894165 19
1674464828263 1.7251653671264648 20
1674464844206 1.72833251953125 21
1674464861395 1.7260816097259521 22
1674464878951 1.7424352169036865 23
1674464900151 1.7219537496566772 24
1674464916812 1.717738151550293 25
1674464934575 1.7117416858673096 26
1674464951455 1.705352544784546 27
1674464968797 1.6634767055511475 28
1674464984492 1.6744358539581299 29
1674465000456 1.6592350006103516 30
1674465016314 1.6674531698226929 31
1674465031750 1.6967061758041382 32
1674465047596 1.6717790365219116 33
1674465063308 1.6480484008789062 34
1674465079273 1.6056268215179443 35
1674465094885 1.695290207862854 36
1674465110951 1.633265733718872 37
1674465126976 1.651648759841919 38
1674465142708 1.611013650894165 39
1674465158451 1.6414802074432373 40
1674465174422 1.6330995559692383 41
1674465190162 1.6173499822616577 42
1674465205889 1.617186188697815 43
1674465221476 1.5937789678573608 44
1674465237458 1.6295101642608643 45
1674465253231 1.5964089632034302 46
1674465269004 1.6457668542861938 47
1674465284390 1.5651490688323975 48
1674465300502 1.5868651866912842 49
1674465317233 1.5923972129821777 50
1674465332875 1.6155458688735962 51
1674465348467 1.57955002784729 52
1674465364222 1.5611693859100342 53
1674465380118 1.5693638324737549 54
1674465395926 1.5935373306274414 55
1674465411883 1.5804457664489746 56
1674465427770 1.5375890731811523 57
1674465443331 1.5503814220428467 58
1674465459303 1.5422744750976562 59
