1674512701480 0.19609375298023224 0
1674512740713 0.29121094942092896 1
1674512776888 0.30058592557907104 2
1674512812650 0.2984375059604645 3
1674512847638 0.2998046875 4
1674512887655 0.30644530057907104 5
1674512925685 0.30488282442092896 6
1674512966639 0.3033203184604645 7
1674513008552 0.3212890625 8
1674513047703 0.328125 9
1674513086760 0.32734376192092896 10
1674513135794 0.33769530057907104 11
1674513190995 0.35078126192092896 12
1674513234297 0.33378905057907104 13
1674513277055 0.365234375 14
1674513318156 0.3492187559604645 15
1674513361467 0.3658203184604645 16
