1674512701480 2.0480332374572754 0
1674512740713 1.9265085458755493 1
1674512776888 1.8919975757598877 2
1674512812650 1.8480850458145142 3
1674512847638 1.8397703170776367 4
1674512887655 1.767844796180725 5
1674512925685 1.7579103708267212 6
1674512966639 1.7487132549285889 7
1674513008552 1.6972541809082031 8
1674513047703 1.6720855236053467 9
1674513086760 1.6355953216552734 10
1674513135794 1.6337438821792603 11
1674513190995 1.6201398372650146 12
1674513234297 1.6563183069229126 13
1674513277055 1.5954649448394775 14
1674513318156 1.6227973699569702 15
1674513361467 1.5677381753921509 16
