1674638973124 0.05553385242819786 0
1674638978503 0.1142578125 1
1674638986068 0.16940103471279144 2
1674638992183 0.25084635615348816 3
1674638997518 0.33118489384651184 4
1674639002947 0.3883463442325592 5
1674639008281 0.4593099057674408 6
1674639013701 0.4755859375 7
1674639019173 0.4929036498069763 8
1674639024600 0.49882811307907104 9
1674639030002 0.5261067748069763 10
1674639035437 0.5610026121139526 11
1674639040917 0.6278645992279053 12
1674639046338 0.6264973878860474 13
1674639051775 0.62890625 14
1674639057252 0.6229817867279053 15
1674639062927 0.6552083492279053 16
1674639068764 0.6297525763511658 17
1674639074220 0.677539050579071 18
1674639079688 0.6673828363418579 19
1674639085104 0.7025390863418579 20
1674639095462 0.7232421636581421 21
1674639109024 0.665234386920929 22
1674639114508 0.6949869990348816 23
1674639119994 0.7040364742279053 24
1674639125443 0.7180989384651184 25
1674639130933 0.7281249761581421 26
1674639136416 0.7059895992279053 27
1674639141805 0.727343738079071 28
1674639147260 0.697265625 29
1674639152667 0.7561197876930237 30
1674639158085 0.7208333611488342 31
1674639163489 0.7117838263511658 32
1674639168890 0.781445324420929 33
1674639174232 0.7656900882720947 34
1674639179688 0.7587890625 35
1674639185093 0.7792317867279053 36
1674639190525 0.7686849236488342 37
1674639196170 0.7701171636581421 38
1674639201725 0.7640625238418579 39
1674639207186 0.795117199420929 40
1674639212915 0.7754557132720947 41
1674639218550 0.783984363079071 42
1674639228935 0.8012369871139526 43
1674639234604 0.778515636920929 44
1674639240044 0.7899739742279053 45
1674639245471 0.7534505128860474 46
1674639250864 0.797656238079071 47
1674639256220 0.7756510376930237 48
1674639261677 0.8100911378860474 49
1674639267085 0.7975911498069763 50
1674639272565 0.7870442867279053 51
1674639278067 0.7888020873069763 52
1674639283474 0.8250650763511658 53
1674639288887 0.7916666865348816 54
1674639294258 0.7960286736488342 55
1674639299723 0.8027994632720947 56
1674639305152 0.7930989861488342 57
1674639310526 0.80859375 58
1674639315945 0.7960286736488342 59
1674639321429 0.795703113079071 60
1674639326943 0.7972656488418579 61
1674639332376 0.7901041507720947 62
1674639337787 0.8106771111488342 63
1674639343225 0.8199218511581421 64
1674639348706 0.8150390386581421 65
1674639354149 0.8267577886581421 66
1674639359573 0.8261067867279053 67
1674639365118 0.7856770753860474 68
1674639370449 0.8257161378860474 69
1674639375828 0.8153645992279053 70
1674639381208 0.8060547113418579 71
1674639386642 0.8121093511581421 72
1674639392045 0.7947916388511658 73
1674639400555 0.8121744990348816 74
1674639409085 0.8143228888511658 75
1674639414499 0.8208333253860474 76
1674639420062 0.8326171636581421 77
1674639425546 0.8179687261581421 78
1674639432503 0.8126302361488342 79
1674639438019 0.8237630128860474 80
1674639444849 0.8279947638511658 81
1674639454590 0.8217447996139526 82
1674639460652 0.8205729126930237 83
1674639466105 0.8307942748069763 84
1674639471616 0.8416666388511658 85
1674639477122 0.8262369632720947 86
1674639482549 0.827343761920929 87
1674639488028 0.8247395753860474 88
1674639493413 0.8265625238418579 89
1674639498879 0.8305338621139526 90
1674639504417 0.841015636920929 91
1674639509903 0.8367838263511658 92
1674639515519 0.8426432013511658 93
1674639521086 0.8375651240348816 94
1674639526592 0.8373697996139526 95
1674639532128 0.845898449420929 96
1674639537604 0.8401692509651184 97
1674639543151 0.844921886920929 98
1674639548959 0.8447265625 99
