1674638973124 3.6739718914031982 0
1674638978503 3.5249886512756348 1
1674638986068 3.35288667678833 2
1674638992183 3.194859027862549 3
1674638997518 3.0924253463745117 4
1674639002947 3.0070464611053467 5
1674639008281 2.8958234786987305 6
1674639013701 2.8291704654693604 7
1674639019173 2.771674156188965 8
1674639024600 2.6999714374542236 9
1674639030002 2.651148796081543 10
1674639035437 2.576131582260132 11
1674639040917 2.4343974590301514 12
1674639046338 2.4357478618621826 13
1674639051775 2.373225212097168 14
1674639057252 2.364497184753418 15
1674639062927 2.267383575439453 16
1674639068764 2.301363706588745 17
1674639074220 2.151916265487671 18
1674639079688 2.1581461429595947 19
1674639085104 2.0307271480560303 20
1674639095462 1.9911373853683472 21
1674639109024 2.1109108924865723 22
1674639114508 1.9928905963897705 23
1674639119994 1.9373631477355957 24
1674639125443 1.8732088804244995 25
1674639130933 1.829874873161316 26
1674639136416 1.897417664527893 27
1674639141805 1.7954981327056885 28
1674639147260 1.8634933233261108 29
1674639152667 1.6860653162002563 30
1674639158085 1.7820265293121338 31
1674639163489 1.7858346700668335 32
1674639168890 1.545386552810669 33
1674639174232 1.5754660367965698 34
1674639179688 1.5704351663589478 35
1674639185093 1.5064046382904053 36
1674639190525 1.5061975717544556 37
1674639196170 1.4986882209777832 38
1674639201725 1.4949928522109985 39
1674639207186 1.3689950704574585 40
1674639212915 1.4126778841018677 41
1674639218550 1.3617717027664185 42
1674639228935 1.2838321924209595 43
1674639234604 1.3454086780548096 44
1674639240044 1.2896654605865479 45
1674639245471 1.4106279611587524 46
1674639250864 1.2376301288604736 47
1674639256220 1.3156880140304565 48
1674639261677 1.1732040643692017 49
1674639267085 1.186597228050232 50
1674639272565 1.2345550060272217 51
1674639278067 1.2131335735321045 52
1674639283474 1.0816459655761719 53
1674639288887 1.1817965507507324 54
1674639294258 1.1692485809326172 55
1674639299723 1.1158814430236816 56
1674639305152 1.1534714698791504 57
1674639310526 1.0796369314193726 58
1674639315945 1.1163235902786255 59
1674639321429 1.1075820922851562 60
1674639326943 1.1020528078079224 61
1674639332376 1.1106147766113281 62
1674639337787 1.0471227169036865 63
1674639343225 1.0031343698501587 64
1674639348706 1.0349477529525757 65
1674639354149 0.9573460221290588 66
1674639359573 0.9418712258338928 67
1674639365118 1.1066911220550537 68
1674639370449 0.9476232528686523 69
1674639375828 1.0048801898956299 70
1674639381208 1.0201081037521362 71
1674639386642 1.0008844137191772 72
1674639392045 1.0552208423614502 73
1674639400555 0.9951800107955933 74
1674639409085 0.9734696745872498 75
1674639414499 0.9404405951499939 76
1674639420062 0.898493766784668 77
1674639425546 0.9192678332328796 78
1674639432503 0.9684323072433472 79
1674639438019 0.9018480181694031 80
1674639444849 0.8791739344596863 81
1674639454590 0.9207527041435242 82
1674639460652 0.9449760913848877 83
1674639466105 0.8837729096412659 84
1674639471616 0.8118922114372253 85
1674639477122 0.8514483571052551 86
1674639482549 0.8772040605545044 87
1674639488028 0.8834040760993958 88
1674639493413 0.8693740963935852 89
1674639498879 0.8677788376808167 90
1674639504417 0.8045682907104492 91
1674639509903 0.824798583984375 92
1674639515519 0.7815656065940857 93
1674639521086 0.799665629863739 94
1674639526592 0.8068389892578125 95
1674639532128 0.7592356204986572 96
1674639537604 0.7786015868186951 97
1674639543151 0.763292670249939 98
1674639548959 0.764731228351593 99
