1674040573113 0.1201171875 0
1674040579778 0.134765625 1
1674040586444 0.19921875 2
1674040593100 0.232421875 3
1674040599680 0.1904296875 4
1674040606377 0.21484375 5
1674040613030 0.2041015625 6
1674040619784 0.240234375 7
1674040626691 0.2099609375 8
1674040633537 0.240234375 9
1674040640264 0.244140625 10
1674040646988 0.251953125 11
1674040653566 0.234375 12
1674040660285 0.248046875 13
1674040667163 0.2333984375 14
1674040673863 0.251953125 15
1674040680589 0.267578125 16
1674040687375 0.2666015625 17
1674040694121 0.228515625 18
1674040700821 0.2861328125 19
1674040707492 0.28515625 20
1674040714125 0.2861328125 21
1674040720802 0.287109375 22
1674040727586 0.283203125 23
1674040734458 0.2958984375 24
1674040741091 0.2958984375 25
1674040747878 0.2841796875 26
1674040754602 0.271484375 27
1674040761699 0.287109375 28
1674040768393 0.2578125 29
1674040775036 0.2734375 30
1674040781790 0.3173828125 31
1674040789194 0.291015625 32
1674040796659 0.3037109375 33
1674040804165 0.2763671875 34
1674040811579 0.310546875 35
1674040818417 0.279296875 36
1674040825438 0.287109375 37
1674040832201 0.3076171875 38
1674040839066 0.306640625 39
1674040845738 0.3076171875 40
1674040852485 0.3212890625 41
1674040859148 0.318359375 42
1674040865742 0.3251953125 43
1674040872400 0.3076171875 44
1674040879068 0.328125 45
1674040885858 0.3369140625 46
1674040892917 0.3017578125 47
1674040899753 0.291015625 48
1674040906740 0.3291015625 49
