1674040573113 2.1842398643493652 0
1674040579778 2.128835678100586 1
1674040586444 2.1123979091644287 2
1674040593100 2.0683438777923584 3
1674040599680 2.0821499824523926 4
1674040606377 2.046670436859131 5
1674040613030 2.039943218231201 6
1674040619784 2.008937358856201 7
1674040626691 2.0121395587921143 8
1674040633537 1.9924447536468506 9
1674040640264 1.990244746208191 10
1674040646988 1.9802494049072266 11
1674040653566 1.9797686338424683 12
1674040660285 1.9680006504058838 13
1674040667163 1.9760099649429321 14
1674040673863 1.9531108140945435 15
1674040680589 1.9365050792694092 16
1674040687375 1.9413833618164062 17
1674040694121 1.9502511024475098 18
1674040700821 1.9316318035125732 19
1674040707492 1.9270546436309814 20
1674040714125 1.9185947179794312 21
1674040720802 1.9147918224334717 22
1674040727586 1.9053683280944824 23
1674040734458 1.903014898300171 24
1674040741091 1.906908631324768 25
1674040747878 1.8970930576324463 26
1674040754602 1.9156274795532227 27
1674040761699 1.8919676542282104 28
1674040768393 1.893531322479248 29
1674040775036 1.8890631198883057 30
1674040781790 1.8756924867630005 31
1674040789194 1.876584529876709 32
1674040796659 1.862098217010498 33
1674040804165 1.873556137084961 34
1674040811579 1.8598856925964355 35
1674040818417 1.8586556911468506 36
1674040825438 1.8584985733032227 37
1674040832201 1.8422056436538696 38
1674040839066 1.8502767086029053 39
1674040845738 1.8503223657608032 40
1674040852485 1.8338627815246582 41
1674040859148 1.8512006998062134 42
1674040865742 1.8359882831573486 43
1674040872400 1.8388290405273438 44
1674040879068 1.8192508220672607 45
1674040885858 1.8109208345413208 46
1674040892917 1.8339033126831055 47
1674040899753 1.840493083000183 48
1674040906740 1.8047215938568115 49
