1674639891644 0.03886718675494194 0
1674639896844 0.06158854067325592 1
1674639901864 0.08600260317325592 2
1674639906990 0.10572917014360428 3
1674639912355 0.13789062201976776 4
1674639917657 0.1634114533662796 5
1674639923361 0.19095052778720856 6
1674639928578 0.21484375 7
1674639935291 0.22057291865348816 8
1674639940534 0.23294271528720856 9
1674639945606 0.2555338442325592 10
1674639950374 0.2955078184604645 11
1674639955546 0.31360676884651184 12
1674639962020 0.3388020694255829 13
1674639967333 0.36087238788604736 14
1674639972906 0.3493489623069763 15
1674639978040 0.380859375 16
1674639988531 0.3358723819255829 17
1674639993982 0.3779948055744171 18
1674639999375 0.375 19
1674640004311 0.41425782442092896 20
1674640009613 0.41914063692092896 21
1674640017466 0.41946613788604736 22
1674640026375 0.42460936307907104 23
1674640031995 0.4442708194255829 24
1674640037217 0.4410807192325592 25
1674640042494 0.45553386211395264 26
1674640047822 0.455078125 27
1674640052805 0.4710937440395355 28
1674640058115 0.4929036498069763 29
1674640063439 0.48157551884651184 30
1674640068683 0.4834635555744171 31
1674640074139 0.4970703125 32
1674640079211 0.5018880367279053 33
1674640084609 0.5033203363418579 34
1674640089889 0.49010416865348816 35
1674640095132 0.5175130367279053 36
1674640100114 0.538281261920929 37
1674640105397 0.5415364503860474 38
1674640115532 0.544726550579071 39
1674640120558 0.5630208253860474 40
1674640125817 0.556640625 41
1674640131499 0.5166015625 42
1674640136753 0.5207682251930237 43
1674640142210 0.5666666626930237 44
1674640147450 0.5266276001930237 45
1674640152943 0.5692057013511658 46
1674640158431 0.5610026121139526 47
1674640163924 0.5520833134651184 48
1674640168917 0.5589843988418579 49
