1674639891644 3.7458415031433105 0
1674639896844 3.671599864959717 1
1674639901864 3.5963363647460938 2
1674639906990 3.5591185092926025 3
1674639912355 3.516887664794922 4
1674639917657 3.443863868713379 5
1674639923361 3.40653133392334 6
1674639928578 3.313831090927124 7
1674639935291 3.263031244277954 8
1674639940534 3.2303318977355957 9
1674639945606 3.1757731437683105 10
1674639950374 3.0739121437072754 11
1674639955546 3.060727119445801 12
1674639962020 3.0115792751312256 13
1674639967333 2.9931740760803223 14
1674639972906 2.950608730316162 15
1674639978040 2.8543448448181152 16
1674639988531 2.9450297355651855 17
1674639993982 2.845858097076416 18
1674639999375 2.8489439487457275 19
1674640004311 2.783421754837036 20
1674640009613 2.73789119720459 21
1674640017466 2.7283596992492676 22
1674640026375 2.7003393173217773 23
1674640031995 2.637138605117798 24
1674640037217 2.6368894577026367 25
1674640042494 2.5931622982025146 26
1674640047822 2.6023402214050293 27
1674640052805 2.5369744300842285 28
1674640058115 2.4681966304779053 29
1674640063439 2.5053770542144775 30
1674640068683 2.4446911811828613 31
1674640074139 2.4342806339263916 32
1674640079211 2.4224743843078613 33
1674640084609 2.373326539993286 34
1674640089889 2.424391508102417 35
1674640095132 2.3237838745117188 36
1674640100114 2.2698614597320557 37
1674640105397 2.2443978786468506 38
1674640115532 2.2523269653320312 39
1674640120558 2.1911308765411377 40
1674640125817 2.165601968765259 41
1674640131499 2.306262493133545 42
1674640136753 2.2444913387298584 43
1674640142210 2.1172525882720947 44
1674640147450 2.229512929916382 45
1674640152943 2.0756847858428955 46
1674640158431 2.0728204250335693 47
1674640163924 2.168213129043579 48
1674640168917 2.091599702835083 49
